Tag ID: 52b0df6e
Card UID: 52 b0 df 6e
PICC type: MIFARE 1KB
Sector Block   0  1  2  3   4  5  6  7   8  9 10 11  12 13 14 15  AccessBits
  15     63   00 00 00 00  00 00 ff 07  80 69 ff ff  ff ff ff ff  [ 0 0 1 ] 
         62   00 00 00 00  00 00 00 00  00 00 00 00  00 00 00 00  [ 0 0 0 ] 
         61   00 00 00 00  00 00 00 00  00 00 00 00  00 00 00 00  [ 0 0 0 ] 
         60   00 00 00 00  00 00 00 00  00 00 00 00  00 00 00 00  [ 0 0 0 ] 
  14     59   00 00 00 00  00 00 ff 07  80 69 ff ff  ff ff ff ff  [ 0 0 1 ] 
         58   00 00 00 00  00 00 00 00  00 00 00 00  00 00 00 00  [ 0 0 0 ] 
         57   00 00 00 00  00 00 00 00  00 00 00 00  00 00 00 00  [ 0 0 0 ] 
         56   00 00 00 00  00 00 00 00  00 00 00 00  00 00 00 00  [ 0 0 0 ] 
  13     55   00 00 00 00  00 00 ff 07  80 69 ff ff  ff ff ff ff  [ 0 0 1 ] 
         54   00 00 00 00  00 00 00 00  00 00 00 00  00 00 00 00  [ 0 0 0 ] 
         53   00 00 00 00  00 00 00 00  00 00 00 00  00 00 00 00  [ 0 0 0 ] 
         52   00 00 00 00  00 00 00 00  00 00 00 00  00 00 00 00  [ 0 0 0 ] 
  12     51   00 00 00 00  00 00 ff 07  80 69 ff ff  ff ff ff ff  [ 0 0 1 ] 
         50   00 00 00 00  00 00 00 00  00 00 00 00  00 00 00 00  [ 0 0 0 ] 
         49   00 00 00 00  00 00 00 00  00 00 00 00  00 00 00 00  [ 0 0 0 ] 
         48   00 00 00 00  00 00 00 00  00 00 00 00  00 00 00 00  [ 0 0 0 ] 
  11     47   00 00 00 00  00 00 ff 07  80 69 ff ff  ff ff ff ff  [ 0 0 1 ] 
         46   00 00 00 00  00 00 00 00  00 00 00 00  00 00 00 00  [ 0 0 0 ] 
         45   00 00 00 00  00 00 00 00  00 00 00 00  00 00 00 00  [ 0 0 0 ] 
         44   00 00 00 00  00 00 00 00  00 00 00 00  00 00 00 00  [ 0 0 0 ] 
  10     43   00 00 00 00  00 00 ff 07  80 69 ff ff  ff ff ff ff  [ 0 0 1 ] 
         42   00 00 00 00  00 00 00 00  00 00 00 00  00 00 00 00  [ 0 0 0 ] 
         41   00 00 00 00  00 00 00 00  00 00 00 00  00 00 00 00  [ 0 0 0 ] 
         40   00 00 00 00  00 00 00 00  00 00 00 00  00 00 00 00  [ 0 0 0 ] 
   9     39   00 00 00 00  00 00 ff 07  80 69 ff ff  ff ff ff ff  [ 0 0 1 ] 
         38   00 00 00 00  00 00 00 00  00 00 00 00  00 00 00 00  [ 0 0 0 ] 
         37   00 00 00 00  00 00 00 00  00 00 00 00  00 00 00 00  [ 0 0 0 ] 
         36   00 00 00 00  00 00 00 00  00 00 00 00  00 00 00 00  [ 0 0 0 ] 
   8     35   00 00 00 00  00 00 ff 07  80 69 ff ff  ff ff ff ff  [ 0 0 1 ] 
         34   00 00 00 00  00 00 00 00  00 00 00 00  00 00 00 00  [ 0 0 0 ] 
         33   00 00 00 00  00 00 00 00  00 00 00 00  00 00 00 00  [ 0 0 0 ] 
         32   00 00 00 00  00 00 00 00  00 00 00 00  00 00 00 00  [ 0 0 0 ] 
   7     31   00 00 00 00  00 00 ff 07  80 69 ff ff  ff ff ff ff  [ 0 0 1 ] 
         30   00 00 00 00  00 00 00 00  00 00 00 00  00 00 00 00  [ 0 0 0 ] 
         29   00 00 00 00  00 00 00 00  00 00 00 00  00 00 00 00  [ 0 0 0 ] 
         28   00 00 00 00  00 00 00 00  00 00 00 00  00 00 00 00  [ 0 0 0 ] 
   6     27   00 00 00 00  00 00 ff 07  80 69 ff ff  ff ff ff ff  [ 0 0 1 ] 
         26   00 00 00 00  00 00 00 00  00 00 00 00  00 00 00 00  [ 0 0 0 ] 
         25   00 00 00 00  00 00 00 00  00 00 00 00  00 00 00 00  [ 0 0 0 ] 
         24   00 00 00 00  00 00 00 00  00 00 00 00  00 00 00 00  [ 0 0 0 ] 
   5     23   00 00 00 00  00 00 ff 07  80 69 ff ff  ff ff ff ff  [ 0 0 1 ] 
         22   00 00 00 00  00 00 00 00  00 00 00 00  00 00 00 00  [ 0 0 0 ] 
         21   00 00 00 00  00 00 00 00  00 00 00 00  00 00 00 00  [ 0 0 0 ] 
         20   00 00 00 00  00 00 00 00  00 00 00 00  00 00 00 00  [ 0 0 0 ] 
   4     19   00 00 00 00  00 00 ff 07  80 69 ff ff  ff ff ff ff  [ 0 0 1 ] 
         18   00 00 00 00  00 00 00 00  00 00 00 00  00 00 00 00  [ 0 0 0 ] 
         17   00 00 00 00  00 00 00 00  00 00 00 00  00 00 00 00  [ 0 0 0 ] 
         16   00 00 00 00  00 00 00 00  00 00 00 00  00 00 00 00  [ 0 0 0 ] 
   3     15   00 00 00 00  00 00 ff 07  80 69 ff ff  ff ff ff ff  [ 0 0 1 ] 
         14   00 00 00 00  00 00 00 00  00 00 00 00  00 00 00 00  [ 0 0 0 ] 
         13   00 00 00 00  00 00 00 00  00 00 00 00  00 00 00 00  [ 0 0 0 ] 
         12   00 00 00 00  00 00 00 00  00 00 00 00  00 00 00 00  [ 0 0 0 ] 
   2     11   00 00 00 00  00 00 ff 07  80 69 ff ff  ff ff ff ff  [ 0 0 1 ] 
         10   00 00 00 00  00 00 00 00  00 00 00 00  00 00 00 00  [ 0 0 0 ] 
          9   00 00 00 00  00 00 00 00  00 00 00 00  00 00 00 00  [ 0 0 0 ] 
          8   00 00 00 00  00 00 00 00  00 00 00 00  00 00 00 00  [ 0 0 0 ] 
   1      7   00 00 00 00  00 00 ff 07  80 69 ff ff  ff ff ff ff  [ 0 0 1 ] 
          6   00 00 00 00  00 00 00 00  00 00 00 00  00 00 00 00  [ 0 0 0 ] 
          5   53 61 75 65  72 00 00 00  00 00 00 00  00 00 00 00  [ 0 0 0 ] 
          4   4d 69 63 68  61 65 6c 00  00 00 00 00  00 00 00 00  [ 0 0 0 ] 
   0      3   00 00 00 00  00 00 ff 07  80 69 ff ff  ff ff ff ff  [ 0 0 1 ] 
          2   4d 69 63 68  61 65 6c 00  4f 0d 00 08  02 00 01 02  [ 0 0 0 ] 
          1   00 00 00 00  00 00 00 00  00 00 00 00  00 00 00 00  [ 0 0 0 ] 
          0   52 b0 df 6e  53 08 04 00  01 13 82 f9  af 88 7f 1d  [ 0 0 0 ] 

Card UID: 52 b0 df 6e
PICC type: MIFARE 1KB
Sector Block   0  1  2  3   4  5  6  7   8  9 10 11  12 13 14 15  AccessBits
  15     63   00 00 00 00  00 00 ff 07  80 69 ff ff  ff ff ff ff  [ 0 0 1 ] 
         62   00 00 00 00  00 00 00 00  00 00 00 00  00 00 00 00  [ 0 0 0 ] 
         61   00 00 00 00  00 00 00 00  00 00 00 00  00 00 00 00  [ 0 0 0 ] 
         60   00 00 00 00  00 00 00 00  00 00 00 00  00 00 00 00  [ 0 0 0 ] 
  14     59   00 00 00 00  00 00 ff 07  80 69 ff ff  ff ff ff ff  [ 0 0 1 ] 
         58   00 00 00 00  00 00 00 00  00 00 00 00  00 00 00 00  [ 0 0 0 ] 
         57   00 00 00 00  00 00 00 00  00 00 00 00  00 00 00 00  [ 0 0 0 ] 
         56   00 00 00 00  00 00 00 00  00 00 00 00  00 00 00 00  [ 0 0 0 ] 
  13     55   00 00 00 00  00 00 ff 07  80 69 ff ff  ff ff ff ff  [ 0 0 1 ] 
         54   00 00 00 00  00 00 00 00  00 00 00 00  00 00 00 00  [ 0 0 0 ] 
         53   00 00 00 00  00 00 00 00  00 00 00 00  00 00 00 00  [ 0 0 0 ] 
         52   00 00 00 00  00 00 00 00  00 00 00 00  00 00 00 00  [ 0 0 0 ] 
  12     51   00 00 00 00  00 00 ff 07  80 69 ff ff  ff ff ff ff  [ 0 0 1 ] 
         50   00 00 00 00  00 00 00 00  00 00 00 00  00 00 00 00  [ 0 0 0 ] 
         49   00 00 00 00  00 00 00 00  00 00 00 00  00 00 00 00  [ 0 0 0 ] 
         48   00 00 00 00  00 00 00 00  00 00 00 00  00 00 00 00  [ 0 0 0 ] 
  11     47   00 00 00 00  00 00 ff 07  80 69 ff ff  ff ff ff ff  [ 0 0 1 ] 
         46   00 00 00 00  00 00 00 00  00 00 00 00  00 00 00 00  [ 0 0 0 ] 
         45   00 00 00 00  00 00 00 00  00 00 00 00  00 00 00 00  [ 0 0 0 ] 
         44   00 00 00 00  00 00 00 00  00 00 00 00  00 00 00 00  [ 0 0 0 ] 
  10     43   00 00 00 00  00 00 ff 07  80 69 ff ff  ff ff ff ff  [ 0 0 1 ] 
         42   00 00 00 00  00 00 00 00  00 00 00 00  00 00 00 00  [ 0 0 0 ] 
         41   00 00 00 00  00 00 00 00  00 00 00 00  00 00 00 00  [ 0 0 0 ] 
         40   00 00 00 00  00 00 00 00  00 00 00 00  00 00 00 00  [ 0 0 0 ] 
   9     39   00 00 00 00  00 00 ff 07  80 69 ff ff  ff ff ff ff  [ 0 0 1 ] 
         38   00 00 00 00  00 00 00 00  00 00 00 00  00 00 00 00  [ 0 0 0 ] 
         37   00 00 00 00  00 00 00 00  00 00 00 00  00 00 00 00  [ 0 0 0 ] 
         36   00 00 00 00  00 00 00 00  00 00 00 00  00 00 00 00  [ 0 0 0 ] 
   8     35   00 00 00 00  00 00 ff 07  80 69 ff ff  ff ff ff ff  [ 0 0 1 ] 
         34   00 00 00 00  00 00 00 00  00 00 00 00  00 00 00 00  [ 0 0 0 ] 
         33   00 00 00 00  00 00 00 00  00 00 00 00  00 00 00 00  [ 0 0 0 ] 
         32   00 00 00 00  00 00 00 00  00 00 00 00  00 00 00 00  [ 0 0 0 ] 
   7     31   00 00 00 00  00 00 ff 07  80 69 ff ff  ff ff ff ff  [ 0 0 1 ] 
         30   00 00 00 00  00 00 00 00  00 00 00 00  00 00 00 00  [ 0 0 0 ] 
         29   00 00 00 00  00 00 00 00  00 00 00 00  00 00 00 00  [ 0 0 0 ] 
         28   00 00 00 00  00 00 00 00  00 00 00 00  00 00 00 00  [ 0 0 0 ] 
   6     27   00 00 00 00  00 00 ff 07  80 69 ff ff  ff ff ff ff  [ 0 0 1 ] 
         26   00 00 00 00  00 00 00 00  00 00 00 00  00 00 00 00  [ 0 0 0 ] 
         25   00 00 00 00  00 00 00 00  00 00 00 00  00 00 00 00  [ 0 0 0 ] 
         24   00 00 00 00  00 00 00 00  00 00 00 00  00 00 00 00  [ 0 0 0 ] 
   5     23   00 00 00 00  00 00 ff 07  80 69 ff ff  ff ff ff ff  [ 0 0 1 ] 
         22   00 00 00 00  00 00 00 00  00 00 00 00  00 00 00 00  [ 0 0 0 ] 
         21   00 00 00 00  00 00 00 00  00 00 00 00  00 00 00 00  [ 0 0 0 ] 
         20   00 00 00 00  00 00 00 00  00 00 00 00  00 00 00 00  [ 0 0 0 ] 
   4     19   00 00 00 00  00 00 ff 07  80 69 ff ff  ff ff ff ff  [ 0 0 1 ] 
         18   00 00 00 00  00 00 00 00  00 00 00 00  00 00 00 00  [ 0 0 0 ] 
         17   00 00 00 00  00 00 00 00  00 00 00 00  00 00 00 00  [ 0 0 0 ] 
         16   00 00 00 00  00 00 00 00  00 00 00 00  00 00 00 00  [ 0 0 0 ] 
   3     15   00 00 00 00  00 00 ff 07  80 69 ff ff  ff ff ff ff  [ 0 0 1 ] 
         14   00 00 00 00  00 00 00 00  00 00 00 00  00 00 00 00  [ 0 0 0 ] 
         13   00 00 00 00  00 00 00 00  00 00 00 00  00 00 00 00  [ 0 0 0 ] 
         12   00 00 00 00  00 00 00 00  00 00 00 00  00 00 00 00  [ 0 0 0 ] 
   2     11   00 00 00 00  00 00 ff 07  80 69 ff ff  ff ff ff ff  [ 0 0 1 ] 
         10   00 00 00 00  00 00 00 00  00 00 00 00  00 00 00 00  [ 0 0 0 ] 
          9   00 00 00 00  00 00 00 00  00 00 00 00  00 00 00 00  [ 0 0 0 ] 
          8   00 00 00 00  00 00 00 00  00 00 00 00  00 00 00 00  [ 0 0 0 ] 
   1      7   00 00 00 00  00 00 ff 07  80 69 ff ff  ff ff ff ff  [ 0 0 1 ] 
          6   00 00 00 00  00 00 00 00  00 00 00 00  00 00 00 00  [ 0 0 0 ] 
          5   00 00 00 00  00 00 00 00  00 00 00 00  00 00 00 00  [ 0 0 0 ] 
          4   00 00 00 00  00 00 00 00  00 00 00 00  00 00 00 00  [ 0 0 0 ] 
   0      3   00 00 00 00  00 00 ff 07  80 69 ff ff  ff ff ff ff  [ 0 0 1 ] 
          2   31 32 33 34  35 36 37 38  39 30 31 32  33 34 35 36  [ 0 0 0 ] 
          1   00 00 00 00  00 00 00 00  00 00 00 00  00 00 00 00  [ 0 0 0 ] 
          0   52 b0 df 6e  53 08 04 00  01 13 82 f9  af 88 7f 1d  [ 0 0 0 ] 